0.51440329218107 bin 5 80 10
0.49794238683127573 bin 5 80 10
0.48760330578512395 bin 5 80 10
0.46502057613168724 bin 5 80 10
0.5390946502057613 bin 5 80 10
0.49586776859504134 bin 5 80 10
0.48559670781893005 bin 5 80 10
0.48559670781893005 bin 5 80 10
0.5289256198347108 bin 5 80 10
0.4773662551440329 bin 5 80 10
0.5185185185185185 bin 5 80 10
0.5041322314049587 bin 5 80 10
0.5267489711934157 bin 6 80 10
0.5020576131687243 bin 6 80 10
0.47107438016528924 bin 6 80 10
0.49794238683127573 bin 5 100 15
0.49794238683127573 bin 5 100 15
0.49586776859504134 bin 5 100 15
0.5020576131687243 bin 5 100 15
0.5267489711934157 bin 5 100 15
0.47520661157024796 bin 5 100 15
0.5020576131687243 bin 5 80 15
0.4403292181069959 bin 5 80 15
0.4380165289256198 bin 5 80 15
0.4691358024691358 bin 4 80 15
0.5495867768595041 bin 4 80 15
0.4834710743801653 bin 4 80 15
0.5102880658436214 bin 5 80 15
0.5102880658436214 bin 5 80 15
0.4793388429752066 bin 5 80 15
0.48559670781893005 bin 5 40 10
0.5432098765432098 bin 5 40 10
0.47107438016528924 bin 5 40 10
0.49794238683127573 bin 5 60 10
0.49794238683127573 bin 5 60 10
0.5041322314049587 bin 5 60 10
0.4897119341563786 bin 5 60 10
0.5061728395061729 bin 5 60 10
0.5041322314049587 bin 5 60 10
0.5102880658436214 bin 6 60 10
0.49173553719008267 bin 6 60 10
0.5 bin 6 60 10
0.48559670781893005 bin 5 60 10
0.51440329218107 bin 5 60 10
0.5 bin 5 60 10
0.5061728395061729 bin 6 60 10
0.5185185185185185 bin 6 60 10
0.47520661157024796 bin 6 60 10
0.49382716049382713 bin 5 60 10
0.5041322314049587 bin 5 60 10
0.5041322314049587 bin 5 60 10
0.51440329218107 bin 5 60 10
0.5020576131687243 bin 5 60 10
0.4834710743801653 bin 5 60 10
